884.0,0,10.0
1023.0,0,13.0
929.0,0,26.0
908.0,0,27.0
954.0,0,28.0
998.0,0,28.0
952.0,0,47.0
931.0,0,48.0
952.0,0,49.0
908.0,0,56.0
929.0,0,59.0
954.0,0,60.0
975.0,0,60.0
954.0,0,71.0
975.0,0,72.0
931.0,0,79.0
952.0,0,82.0
996.0,0,103.0
975.0,0,105.0
953.0,0,125.0
973.0,0,126.0
889.0,0,137.0
1016.0,0,139.0
859.0,0,215.0
907.0,0,221.0
932.0,0,221.0
1011.0,0,221.0
1048.0,0,519.0
1052.0,0,519.0
1263.0,0,522.0
1004.0,0,552.0
1263.0,0,576.0
656.0,0,669.0
656.0,0,671.0
998.0,0,235.0
694.0,0,239.0
1039.0,0,241.0
1044.0,0,242.0
1263.0,0,243.0
656.0,0,256.0
669.0,0,256.0
997.0,0,274.0
998.0,0,276.0
656.0,0,279.0
676.0,0,283.0
705.0,0,283.0
1263.0,0,293.0
656.0,0,298.0
685.0,0,322.0
721.0,0,324.0
656.0,0,325.0
687.0,0,325.0
1185.0,0,333.0
1186.0,0,335.0
1191.0,0,336.0
1263.0,0,336.0
1192.0,0,358.0
668.0,0,441.0
663.0,0,443.0
665.0,0,443.0
656.0,0,445.0
663.0,0,458.0
663.0,0,460.0
662.0,0,462.0
656.0,0,486.0
876.0,0,496.0
894.0,0,496.0
712.0,0,501.0
656.0,0,511.0
1227.0,0,556.0
1243.0,0,640.0
656.0,0,958.0
990.0,0,235.0
733.0,0,239.0
1025.0,0,240.0
1029.0,0,240.0
1262.0,0,240.0
1027.0,0,241.0
656.0,0,270.0
989.0,0,271.0
740.0,0,273.0
987.0,0,273.0
1262.0,0,274.0
718.0,0,275.0
740.0,0,278.0
719.0,0,279.0
1262.0,0,287.0
721.0,0,291.0
656.0,0,292.0
725.0,0,312.0
657.0,0,314.0
752.0,0,314.0
726.0,0,315.0
1152.0,0,327.0
1155.0,0,328.0
1158.0,0,328.0
1262.0,0,328.0
755.0,0,331.0
792.0,0,331.0
754.0,0,333.0
656.0,0,343.0
1158.0,0,345.0
769.0,0,348.0
663.0,0,351.0
667.0,0,353.0
656.0,0,358.0
748.0,0,360.0
719.0,0,373.0
938.0,0,388.0
963.0,0,449.0
924.0,0,477.0
865.0,0,484.0
1197.0,0,492.0
910.0,0,493.0
1187.0,0,493.0
1190.0,0,495.0
1199.0,0,554.0
1200.0,0,557.0
1212.0,0,614.0
934.0,0,616.0
774.0,0,617.0
774.0,0,619.0
773.0,0,623.0
850.0,0,661.0
656.0,0,693.0
656.0,0,733.0
1164.0,0,734.0
1029.0,0,744.0
1150.0,0,785.0
1184.0,0,788.0
816.0,0,795.0
783.0,0,796.0
1219.0,0,798.0
1237.0,0,807.0
1214.0,0,819.0
1263.0,0,828.0
1263.0,0,839.0
943.0,0,854.0
813.0,0,855.0
1263.0,0,874.0
1223.0,0,905.0
1241.0,0,917.0
1210.0,0,923.0
1083.0,0,950.0
1087.0,0,950.0
1242.0,0,965.0
935.0,0,1000.0
1250.0,0,1008.0
1057.0,0,1030.0
1231.0,0,1053.0
1263.0,0,1068.0
1182.0,0,1071.0
1165.0,0,1072.0
1173.0,0,1075.0
1246.0,0,1083.0
1205.0,0,1087.0
1142.0,0,1102.0
1259.0,0,1105.0
1034.0,0,1109.0
1174.0,0,1115.0
1025.0,0,1116.0
1222.0,0,1126.0
1222.0,0,1139.0
764.0,0,303.0
1142.0,0,332.0
1145.0,0,333.0
1148.0,0,333.0
1263.0,0,333.0
1150.0,0,356.0
739.0,0,384.0
1173.0,0,461.0
1176.0,0,463.0
1182.0,0,501.0
791.0,0,518.0
773.0,0,551.0
795.0,0,551.0
813.0,0,559.0
1058.0,0,633.0
1262.0,0,682.0
856.0,0,685.0
865.0,0,863.0
1154.0,0,446.0
1156.0,0,448.0
798.0,0,465.0
790.0,0,468.0
792.0,0,468.0
788.0,0,470.0
825.0,0,470.0
826.0,0,474.0
719.0,0,486.0
830.0,0,488.0
722.0,0,498.0
674.0,0,513.0
676.0,0,515.0
673.0,0,518.0
836.0,0,524.0
761.0,0,526.0
1263.0,0,574.0
1145.0,0,584.0
1253.0,0,590.0
849.0,0,594.0
933.0,0,598.0
1247.0,0,605.0
1083.0,0,649.0
681.0,0,660.0
680.0,0,673.0
685.0,0,679.0
1214.0,0,689.0
928.0,0,693.0
1165.0,0,712.0
1250.0,0,714.0
1263.0,0,733.0
1262.0,0,735.0
954.0,0,809.0
1144.0,0,843.0
1142.0,0,886.0
1003.0,0,888.0
1094.0,0,914.0
1241.0,0,929.0
1209.0,0,931.0
1079.0,0,934.0
1209.0,0,937.0
1263.0,0,510.0
859.0,0,512.0
735.0,0,522.0
1263.0,0,543.0
1232.0,0,546.0
1226.0,0,559.0
1243.0,0,560.0
875.0,0,561.0
1263.0,0,566.0
864.0,0,568.0
1205.0,0,586.0
1263.0,0,614.0
745.0,0,618.0
849.0,0,618.0
863.0,0,630.0
1263.0,0,640.0
1219.0,0,653.0
799.0,0,666.0
1103.0,0,872.0
1180.0,0,879.0
1263.0,0,923.0
1236.0,0,947.0
868.0,0,1134.0
1141.0,0,1150.0
958.0,0,1252.0
701.0,0,1320.0
786.0,0,1350.0
767.0,0,606.0
943.0,0,629.0
1192.0,0,630.0
909.0,0,667.0
1044.0,0,736.0
656.0,0,763.0
1147.0,0,764.0
662.0,0,775.0
1088.0,0,809.0
1263.0,0,824.0
1226.0,0,843.0
1263.0,0,853.0
1203.0,0,863.0
955.0,0,958.0
1253.0,0,1016.0
1124.0,0,1018.0
820.0,0,1033.0
1213.0,0,1034.0
1113.0,0,1040.0
671.0,0,1041.0
942.0,0,1041.0
1191.0,0,1042.0
1056.0,0,1057.0
1123.0,0,1057.0
1014.0,0,1072.0
1125.0,0,1074.0
1187.0,0,1079.0
999.0,0,1087.0
772.0,0,1088.0
930.0,0,1088.0
849.0,0,1092.0
1200.0,0,1099.0
1123.0,0,1101.0
930.0,0,1102.0
1173.0,0,1110.0
1206.0,0,1121.0
1155.0,0,1128.0
737.0,0,1134.0
1259.0,0,1147.0
1206.0,0,1160.0
1252.0,0,1173.0
1245.0,0,1180.0
1029.0,0,1188.0
1195.0,0,1194.0
1201.0,0,1212.0
1263.0,0,1231.0
1263.0,0,1235.0
1137.0,0,1237.0
1260.0,0,1246.0
1240.0,0,1253.0
1073.0,0,1260.0
1263.0,0,1260.0
1100.0,0,1268.0
723.0,0,1280.0
1180.0,0,1285.0
1160.0,0,1288.0
1178.0,0,1294.0
1249.0,0,1294.0
965.0,0,1296.0
1258.0,0,1296.0
1214.0,0,1297.0
724.0,0,1304.0
1250.0,0,1312.0
1070.0,0,1317.0
1092.0,0,1317.0
1187.0,0,1318.0
1173.0,0,1322.0
993.0,0,1324.0
1114.0,0,1324.0
1232.0,0,1327.0
1146.0,0,1334.0
1263.0,0,1334.0
1092.0,0,1335.0
1097.0,0,1336.0
1137.0,0,1340.0
1159.0,0,1344.0
999.0,0,1345.0
1079.0,0,1352.0
1183.0,0,1359.0
1116.0,0,1360.0
1128.0,0,1366.0
980.0,0,1372.0
1082.0,0,1372.0
1095.0,0,1380.0
955.0,0,1383.0
1025.0,0,1386.0
1227.0,0,1387.0
1124.0,0,1390.0
1196.0,0,1392.0
1263.0,0,1407.0
1263.0,0,1427.0
1092.0,0,1434.0
1204.0,0,1448.0
1021.0,0,1453.0
1210.0,0,1455.0
1231.0,0,1456.0
1006.0,0,1457.0
1223.0,0,1458.0
1259.0,0,1462.0
1007.0,0,1470.0
1263.0,0,1471.0
1029.0,0,1474.0
1029.0,0,1476.0
1250.0,0,1476.0
1036.0,0,1477.0
1196.0,0,1481.0
1073.0,0,1488.0
1178.0,0,1488.0
1249.0,0,1509.0
1151.0,0,1513.0
1263.0,0,1521.0
1115.0,0,1522.0
1186.0,0,1523.0
1263.0,0,1531.0
1083.0,0,1558.0
1101.0,0,1559.0
1186.0,0,1604.0
1026.0,0,749.0
656.0,0,759.0
1263.0,0,770.0
679.0,0,777.0
656.0,0,779.0
664.0,0,779.0
1256.0,0,786.0
1065.0,0,810.0
1263.0,0,810.0
1186.0,0,834.0
1263.0,0,839.0
1206.0,0,843.0
1166.0,0,854.0
1167.0,0,857.0
1194.0,0,861.0
946.0,0,955.0
1061.0,0,957.0
964.0,0,960.0
944.0,0,966.0
976.0,0,966.0
1211.0,0,979.0
1065.0,0,980.0
894.0,0,986.0
1130.0,0,986.0
1175.0,0,993.0
1000.0,0,1002.0
769.0,0,1016.0
1000.0,0,1024.0
1097.0,0,1025.0
957.0,0,1030.0
986.0,0,1030.0
986.0,0,1035.0
925.0,0,1036.0
1193.0,0,1042.0
1152.0,0,1044.0
742.0,0,1045.0
1001.0,0,1046.0
1172.0,0,1048.0
1182.0,0,1057.0
1101.0,0,1069.0
948.0,0,1070.0
1099.0,0,1074.0
1149.0,0,1074.0
1053.0,0,1076.0
1256.0,0,1076.0
768.0,0,1080.0
1062.0,0,1083.0
784.0,0,1087.0
678.0,0,1092.0
1232.0,0,1092.0
949.0,0,1103.0
1161.0,0,1107.0
1200.0,0,1107.0
913.0,0,1113.0
953.0,0,1119.0
827.0,0,1120.0
1163.0,0,1133.0
950.0,0,1139.0
1039.0,0,1149.0
1092.0,0,1151.0
1051.0,0,1172.0
1256.0,0,1184.0
730.0,0,1197.0
1146.0,0,1198.0
731.0,0,1200.0
1254.0,0,1204.0
1097.0,0,1249.0
949.0,0,1259.0
951.0,0,1329.0
953.0,0,1335.0
956.0,0,1336.0
809.0,0,1354.0
867.0,0,1363.0
704.0,0,1367.0
656.0,0,1419.0
766.0,0,1543.0
