-0.066,-0.103,0.165
-0.176,-0.133,0.095
-0.141,-0.128,0.112
-0.167,-0.157,0.061
-0.247,-0.104,0.219
-0.241,-0.107,0.172
-0.246,-0.110,0.168
-0.182,-0.126,0.118
-0.265,-0.105,0.196
-0.170,-0.132,0.096
-0.131,-0.160,0.088
-0.235,-0.118,0.143
-0.601,-0.090,0.330
-0.446,-0.062,0.293
-0.257,-0.097,0.240
-0.283,-0.079,0.208
-0.289,-0.079,0.177
-0.176,-0.070,0.069
-0.190,-0.100,-0.057
-0.176,-0.076,0.027
-0.208,-0.075,0.042
-0.231,-0.072,0.065
-0.214,-0.072,0.072
-0.235,-0.064,0.061
-0.196,-0.076,0.016
-0.200,-0.077,0.013
-0.202,-0.079,0.041
-0.245,-0.067,0.081
-0.120,-0.096,-0.101
-0.250,-0.069,0.067
-0.234,-0.084,0.018
-0.218,-0.083,0.006
-0.253,-0.069,0.057
-0.279,-0.067,0.064
-0.409,-0.085,0.094
-0.241,-0.072,0.044
-0.220,-0.079,0.033
-0.262,-0.066,0.071
-0.227,-0.070,0.073
-0.236,-0.067,0.099
-0.226,-0.065,0.127
-0.222,-0.069,0.091
-0.220,-0.065,0.122
-0.233,-0.074,0.094
-0.235,-0.069,0.077
-0.249,-0.068,0.083
-0.243,-0.070,0.064
-0.224,-0.072,0.052
-0.317,-0.078,-0.023
-0.254,-0.074,0.081
-0.335,-0.075,-0.010
-0.236,-0.076,0.044
-0.276,-0.070,-0.004
-0.228,-0.073,0.093
-0.224,-0.073,0.045
-0.237,-0.070,0.059
-0.196,-0.067,0.060
-0.191,-0.076,0.042
-0.225,-0.076,0.034
-0.209,-0.079,0.037
-0.216,-0.080,0.007
-0.212,-0.074,0.035
-0.246,-0.066,0.089
-0.221,-0.071,0.060
-0.229,-0.075,0.027
-0.215,-0.079,0.019
-0.238,-0.071,0.050
-0.220,-0.078,0.014
-0.242,-0.071,0.058
-0.241,-0.073,0.036
-0.275,-0.078,0.001
-0.237,-0.067,0.079
-0.244,-0.067,0.080
-0.231,-0.073,0.040
-0.192,-0.072,0.061
-0.251,-0.082,-0.011
-0.283,-0.077,0.044
-0.231,-0.080,0.007
0.573,-0.395,-0.093
0.552,-0.404,-0.115
0.543,-0.408,-0.121
0.536,-0.407,-0.121
0.613,-0.399,-0.061
0.578,-0.397,-0.071
0.508,-0.406,-0.116
0.500,-0.402,-0.125
0.529,-0.404,-0.096
0.502,-0.397,-0.122
0.540,-0.392,-0.086
0.485,-0.408,-0.123
0.473,-0.391,-0.124
0.478,-0.389,-0.118
0.523,-0.401,-0.089
0.487,-0.405,-0.113
0.964,-0.797,0.113
0.540,-0.398,-0.075
0.468,-0.391,-0.122
0.539,-0.402,-0.069
0.464,-0.404,-0.127
0.459,-0.404,-0.130
0.501,-0.394,-0.089
0.451,-0.401,-0.130
0.519,-0.404,-0.106
0.514,-0.400,-0.075
0.484,-0.392,-0.102
0.444,-0.394,-0.122
1.032,-0.816,0.122
0.963,-0.767,0.157
0.440,-0.400,-0.131
0.427,-0.402,-0.133
0.479,-0.395,-0.093
0.416,-0.393,-0.134
0.414,-0.399,-0.135
0.614,-0.471,-0.005
0.948,-0.788,0.107
0.399,-0.397,-0.143
0.612,-0.428,-0.042
0.407,-0.390,-0.140
0.522,-0.410,-0.054
0.512,-0.398,-0.060
0.453,-0.396,-0.099
0.439,-0.394,-0.107
0.516,-0.416,-0.064
0.515,-0.406,-0.061
0.375,-0.389,-0.146
0.382,-0.382,-0.147
0.416,-0.405,-0.144
0.373,-0.378,-0.150
0.471,-0.398,-0.102
0.419,-0.393,-0.111
0.381,-0.387,-0.138
0.595,-0.434,-0.028
0.410,-0.400,-0.146
0.365,-0.377,-0.142
0.372,-0.384,-0.138
0.442,-0.398,-0.108
0.830,-0.796,0.159
0.389,-0.380,-0.134
0.427,-0.392,-0.089
0.378,-0.383,-0.137
0.502,-0.398,-0.047
0.358,-0.391,-0.126
0.353,-0.392,-0.129
0.405,-0.401,-0.087
0.385,-0.385,-0.120
0.419,-0.413,-0.093
0.358,-0.420,-0.112
0.705,-0.777,0.159
0.341,-0.389,-0.122
0.425,-0.394,-0.088
0.408,-0.382,-0.094
0.544,-0.640,0.022
1.041,-0.757,0.080
0.627,-0.400,-0.054
1.007,-0.761,0.091
0.602,-0.376,-0.049
0.495,-0.404,-0.121
0.942,-0.768,0.216
0.533,-0.401,-0.046
0.934,-0.785,0.271
0.978,-0.773,0.363
0.997,-0.811,0.402
0.978,-0.731,0.357
1.043,-0.790,0.321
0.472,-0.420,-0.134
0.976,-0.718,0.363
0.945,-0.795,0.357
0.970,-0.800,0.398
0.968,-0.849,0.437
0.749,-0.560,-0.041
1.010,-0.760,0.373
0.529,-0.411,-0.114
0.527,-0.411,-0.109
0.493,-0.399,-0.122
0.620,-0.395,-0.056
0.453,-0.390,-0.106
0.369,-0.382,-0.150
0.555,-0.742,0.072
0.944,-0.803,0.396
0.968,-0.814,0.441
0.552,-0.718,0.063
0.930,-0.810,0.477
0.399,-0.419,0.022
1.198,-0.813,0.275
1.018,-0.736,0.072
0.588,-0.418,-0.041
0.452,-0.403,-0.125
0.393,-0.400,-0.144
1.026,-0.759,0.108
0.581,-0.403,-0.073
0.362,-0.384,-0.123
0.937,-0.707,0.468
1.011,-0.830,0.075
0.407,-0.450,-0.031
0.616,-0.397,-0.099
1.052,-0.774,0.028
1.007,-0.749,0.039
0.604,-0.402,-0.101
0.997,-0.772,0.063
0.635,-0.411,-0.068
0.637,-0.402,-0.058
0.348,-0.381,-0.133
1.037,-0.754,0.097
0.454,-0.407,-0.129
0.469,-0.397,-0.119
0.481,-0.424,-0.258
0.490,-0.464,-0.276
0.469,-0.407,-0.139
0.440,-0.396,-0.136
0.343,-0.393,-0.128
0.360,-0.379,-0.131
0.355,-0.381,-0.134
0.365,-0.370,-0.138
0.361,-0.372,-0.155
0.359,-0.379,-0.136
0.454,-0.400,-0.163
1.110,-0.809,0.383
0.419,-0.394,-0.137
0.417,-0.396,-0.150
0.359,-0.471,0.003
0.454,-0.401,-0.152
0.430,-0.399,-0.136
0.447,-0.413,-0.203
0.395,-0.399,-0.090
0.376,-0.479,0.010
0.415,-0.392,-0.139
0.383,-0.380,-0.143
0.355,-0.386,-0.129
0.511,-0.678,0.074
0.542,-0.405,-0.051
0.679,-0.812,0.246
0.509,-0.534,0.068
0.351,-0.385,-0.131
0.547,-0.591,0.028
0.542,-0.409,-0.061
0.382,-0.413,-0.104
0.458,-0.397,-0.103
0.901,-0.539,0.453
0.926,-0.549,0.462
0.630,-0.387,-0.073
0.619,-0.391,-0.056
0.622,-0.419,-0.032
1.001,-0.748,0.049
0.625,-0.376,-0.056
0.634,-0.380,-0.062
0.627,-0.369,-0.082
1.273,-0.733,0.459
1.294,-0.677,0.436
0.621,-0.380,-0.052
1.201,-0.602,0.313
1.292,-0.708,0.413
1.262,-0.712,0.449
1.200,-0.539,0.317
0.620,-0.411,-0.045
0.640,-0.371,-0.087
0.631,-0.365,-0.071
1.043,-0.770,0.091
1.234,-0.697,0.336
1.202,-0.580,0.317
1.288,-0.714,0.427
1.207,-0.609,0.321
1.293,-0.577,0.430
1.008,-0.762,0.046
1.275,-0.760,0.474
1.372,-0.658,0.314
1.299,-0.683,0.413
1.202,-0.548,0.321
1.274,-0.646,0.386
1.334,-0.552,0.401
1.377,-0.654,0.322
1.209,-0.678,0.316
1.039,-0.731,0.015
1.304,-0.551,0.432
1.307,-0.603,0.413
1.325,-0.529,0.428
1.031,-0.732,0.024
1.312,-0.612,0.423
1.193,-0.622,0.310
1.050,-0.734,0.072
1.319,-0.722,0.169
1.346,-0.694,0.159
1.305,-0.618,0.438
1.038,-0.760,0.028
0.970,-0.747,0.043
0.364,-0.357,-0.134
0.572,-0.737,0.067
0.565,-0.409,-0.034
0.362,-0.358,-0.139
0.351,-0.360,-0.129
0.511,-0.389,-0.124
0.571,-0.709,0.070
0.385,-0.358,-0.150
0.376,-0.354,-0.154
0.472,-0.383,-0.145
0.387,-0.356,-0.146
0.527,-0.393,-0.121
0.522,-0.392,-0.063
0.482,-0.380,-0.153
0.518,-0.388,-0.126
0.494,-0.390,-0.126
0.515,-0.388,-0.054
0.529,-0.395,-0.067
0.532,-0.389,-0.064
0.415,-0.371,-0.093
0.380,-0.356,-0.152
0.471,-0.391,-0.131
0.440,-0.386,-0.093
0.483,-0.388,-0.130
0.456,-0.388,-0.135
0.412,-0.374,-0.094
0.907,-0.412,0.390
0.913,-0.393,0.351
1.291,-0.598,0.463
0.980,-0.436,0.411
0.893,-0.407,0.376
1.296,-0.569,0.456
1.250,-0.679,0.483
1.241,-0.683,0.455
1.264,-0.691,0.456
0.902,-0.383,0.371
1.214,-0.629,0.455
1.131,-0.644,0.428
0.539,-0.097,0.036
0.973,-0.769,0.384
1.241,-0.728,0.485
0.988,-0.700,0.358
1.270,-0.766,0.501
0.997,-0.711,0.341
1.009,-0.630,0.529
0.944,-0.571,0.466
1.095,-0.518,0.370
0.544,-0.097,0.043
1.295,-0.534,0.442
0.395,-0.397,0.011
0.362,-0.432,-0.007
0.517,-0.650,0.062
0.348,-0.726,0.001
0.387,-0.354,-0.001
0.402,-0.388,0.014
0.402,-0.245,0.011
0.563,-0.328,-0.109
0.460,-0.388,-0.155
0.987,-0.746,0.384
0.980,-0.694,0.457
0.944,-0.796,0.418
1.021,-0.686,0.056
1.283,-0.685,0.389
0.624,-0.385,-0.083
0.445,-0.378,-0.136
0.432,-0.381,-0.088
0.961,-0.792,0.395
1.055,-0.764,0.100
0.434,-0.380,-0.090
0.549,-0.392,-0.064
1.034,-0.738,0.095
0.412,-0.371,-0.144
0.622,-0.380,-0.105
1.204,-0.561,0.304
1.278,-0.719,0.432
0.365,-0.389,-0.119
0.533,-0.391,-0.116
1.042,-0.739,0.420
0.466,-0.391,-0.133
0.926,-0.661,0.442
0.603,-0.377,-0.107
0.981,-0.754,0.365
1.272,-0.634,0.410
1.015,-0.761,0.030
1.303,-0.576,0.381
0.607,-0.380,-0.106
0.414,-0.376,-0.150
1.284,-0.737,0.431
0.456,-0.380,-0.135
0.564,-0.397,-0.120
0.591,-0.390,-0.104
1.030,-0.812,0.067
0.970,-0.782,0.427
1.287,-0.769,0.464
0.422,-0.368,-0.142
0.994,-0.757,0.357
0.421,-0.374,-0.143
0.495,-0.367,-0.103
1.332,-0.580,0.437
0.568,-0.384,-0.055
1.023,-0.763,0.024
0.947,-0.764,0.349
0.971,-0.377,0.412
1.019,-0.678,0.058
1.084,-0.414,0.400
1.259,-0.727,0.266
1.028,-0.715,0.349
1.348,-0.612,0.445
0.545,-0.388,-0.098
1.073,-0.370,0.437
1.017,-0.789,0.051
0.423,-0.379,-0.152
0.961,-0.379,0.396
0.484,-0.362,-0.105
0.967,-0.382,0.387
0.643,-0.375,-0.094
0.507,-0.388,-0.130
1.104,-0.743,0.067
0.434,-0.379,-0.141
0.432,-0.383,-0.150
1.123,-0.738,0.053
0.494,-0.373,-0.142
1.024,-0.767,0.356
1.421,-0.740,0.166
1.275,-0.716,0.396
0.933,-0.777,0.412
1.073,-0.396,0.417
1.005,-0.758,0.085
1.196,-0.731,0.294
0.577,-0.366,-0.084
0.536,-0.388,-0.098
1.101,-0.762,0.007
0.486,-0.372,-0.108
1.063,-0.411,0.395
1.089,-0.761,0.013
0.454,-0.375,-0.131
0.476,-0.369,-0.113
0.542,-0.386,-0.126
0.618,-0.376,-0.113
1.038,-0.487,0.352
1.064,-0.402,0.403
0.475,-0.379,-0.129
1.296,-0.699,0.106
0.399,-0.379,-0.092
1.421,-0.718,0.153
0.457,-0.361,-0.110
0.953,-0.777,0.452
0.391,-0.352,-0.128
0.448,-0.372,-0.115
1.004,-0.797,0.362
1.335,-0.752,0.186
1.035,-0.371,0.458
0.602,-0.380,-0.099
0.537,-0.384,-0.107
1.084,-0.392,0.435
0.591,-0.382,-0.083
1.003,-0.719,0.052
0.453,-0.372,-0.131
1.179,-0.764,0.249
1.039,-0.384,0.465
1.085,-0.415,0.392
1.148,-0.773,0.327
0.988,-0.651,0.020
0.429,-0.382,-0.142
1.032,-0.757,0.128
1.004,-0.763,-0.005
0.625,-0.427,-0.032
0.663,-0.383,-0.115
1.202,-0.568,0.318
0.610,-0.365,-0.053
0.571,-0.379,-0.116
0.394,-0.165,-0.001
0.398,-0.237,0.008
0.504,-0.516,0.059
0.556,-0.385,-0.095
0.371,-0.403,-0.114
1.393,-0.643,0.436
0.445,-0.395,-0.184
0.413,-0.351,-0.146
0.377,-0.349,-0.146
0.568,-0.379,-0.099
0.369,-0.341,-0.150
0.560,-0.461,0.001
0.438,-0.415,-0.054
1.209,-0.666,0.461
1.186,-0.658,0.436
0.494,-0.197,0.044
0.562,-0.727,0.069
0.628,-0.395,-0.070
1.041,-0.415,0.980
0.400,-0.260,0.011
1.063,-0.414,1.002
0.555,-0.101,0.056
0.549,-0.076,0.071
1.052,-0.404,0.868
0.341,-0.090,-0.038
1.060,-0.388,0.662
0.531,-0.080,0.131
